290.103309
40.291480
264.430784
150.703892
299.824451
236.529911
285.987525
202.305217
193.817927
288.325668
9.492558
174.711744
267.562201
253.154287
174.853542
314.480250
160.467347
90.106209
26.727173
37.205682
116.122901
189.782872
241.969848
149.086188
333.286836
107.871628
168.099924
121.991661
237.916850
192.474092
359.574661
185.781623
249.534861
219.961003
87.948199
94.972397
266.468703
326.942135
235.530938
270.752628
221.330455
329.721707
107.917776
70.618680
323.668143
184.215573
320.248946
69.866479
118.269173
186.685575
337.324524
186.989330
94.774139
340.579178
172.326973
220.706057
177.536244
40.605499
91.172567
136.795067
18.457124
51.460682
118.023132
57.358707
49.131055
81.555358
83.402610
48.835618
358.289100
120.032997
185.525977
249.045075
37.097554
44.280531
19.360036
339.248427
246.231253
35.528259
180.304988
169.004870
137.578817
361.760116
65.191660
297.090416
25.914576
146.763708
65.498811
180.568017
157.415666
206.392039
239.843083
357.193679
85.506658
88.655421
291.048335
303.728504
42.316805
351.645574
54.625535
53.280207
337.783696
19.982241
176.509725
336.068494
16.116348
108.013015
183.309577
222.948612
97.186654
155.007894
134.429156
344.071937
46.035378
26.491895
352.011402
162.073679
135.779146
62.968663
20.725316
353.908252
147.399731
310.236966
276.418746
194.866844
319.190477
171.029902
3.958758
265.907190
261.838570
69.223199
236.168489
198.280458
123.056757
233.198775
302.829187
259.066972
127.872328
47.711346
142.260570
338.856628
293.798241
152.175753
28.990522
193.209792
351.289324
258.981379
202.465156
89.436206
284.207481
238.306503
303.209436
237.072545
175.660229
181.203334
139.273623
164.976699
297.387637
339.074910
54.683100
273.935086
356.139275
355.824457
128.627708
144.397457
135.346439
245.392631
280.604616
191.098372
302.419307
62.048354
354.244430
173.355128
339.426527
328.941894
274.321116
247.271033
236.876894
27.661861
155.175264
194.220069
344.144533
260.249740
264.714569
172.126817
44.782741
286.047552
160.489293
158.049977
11.009228
54.348511
154.824638
280.237931
2.734986
220.708832
226.835765
107.408628
167.035591
17.612672
65.668878
22.087273
344.765325
125.758625
189.534008
228.589302
87.364407
188.869105
294.581225
127.768363
313.562233
13.535709
354.442961
272.220090
100.464908
247.466621
127.652878
345.715470
124.259054
12.543606
129.705230
5.127830
95.131236
166.473953
270.715515
361.600244
121.922600
344.904072
351.114645
328.337010
180.348564
286.716514
293.335333
247.707415
212.585039
338.105195
88.404866
99.964988
268.541327
274.562698
339.735459
169.433820
314.291588
114.581257
76.726201
336.181198
20.196226
150.660577
167.108202
152.373130
245.008656
276.513085
332.841078
299.462559
35.088546
65.757814
234.766107
319.239010
216.602060
96.525318
322.685824
307.881321
61.683229
279.103074
189.893464
100.257450
125.925941
257.647424
216.318850
171.853970
123.441084
353.292824
236.086446
72.453626
131.013660
187.738582
322.410814
56.570994
84.888021
260.791962
89.041121
110.069188
257.430291
281.889681
6.037884
201.678279
238.495873
340.124498
252.302581
93.371239
150.617967
45.732365
49.035826
101.164460
292.890886
38.864893
306.076505
29.851686
262.193320
315.720889
357.195188
91.681940
10.049291
82.164076
121.622165
348.773459
298.456853
270.460516
82.064976
17.643797
134.415675
270.867061
340.796275
246.048422
256.293987
309.535648
258.041022
289.504713
275.738898
25.011853
50.323740
45.990173
278.565965
329.861521
147.567909
67.452935
137.341740
185.259959
333.514975
28.898846
40.947371
275.553269
111.873954
264.466715
85.568131
144.219028
