0.331416868
0.160164957
0.689699693
0.868022752
0.207269189
0.756807176
0.415994206
0.835294198
0.788257110
0.369996483
0.081771964
0.730386442
0.564738797
0.586744831
0.846334876
0.184646545
0.796992732
0.226215605
0.104630944
0.245762578
0.602375469
0.763553157
0.698477321
0.850378314
0.116547491
0.373539971
0.735006405
0.743182338
0.692105739
0.809047026
0.142933562
0.878355427
0.739278122
0.774425254
0.091227248
0.098165441
0.607017381
0.176007225
0.929205561
0.753636175
0.803110071
0.110202501
0.234672928
0.110869875
0.113483994
0.909600230
0.104226116
0.142298333
0.344457638
0.986889906
0.062662100
0.950707554
0.171860731
0.120593708
0.831636143
0.645451200
0.786769711
0.071967922
0.165580323
0.769215530
0.159529360
0.078574616
0.500384357
0.203243395
0.130862250
0.104780518
0.171712796
0.153925131
0.078680985
0.728844915
0.786702860
0.643181494
0.102321933
0.119944723
0.224926991
0.115890546
0.743130196
0.105681304
0.788939471
0.817071888
0.864912961
0.213366594
0.161643784
0.286240805
0.047963814
0.886168502
0.122987033
0.817466671
0.828300442
0.758250649
0.730734500
0.185136152
0.158343052
0.170862642
0.622631581
0.274930792
0.162389942
0.118794267
0.096607894
0.167957226
0.125427364
0.128789616
0.898848836
0.033342583
0.105374585
0.184875182
0.856149696
0.672650001
0.161646708
0.873376505
0.602183714
0.073380644
0.100517910
0.133536085
0.057859117
0.876829990
0.637225625
0.036040945
0.053104855
0.171633788
0.965540824
0.059731274
0.473608623
0.713982757
0.121581754
0.845434981
0.221561412
0.610023840
0.603051214
0.122658603
0.773893157
0.804331307
0.663743547
0.732586189
0.095416605
0.726730497
0.636140443
0.167394589
0.853728582
0.155491895
0.329220348
0.986668145
0.192673061
0.891786147
0.146992618
0.769372059
0.897195602
0.184799535
0.628222872
0.830387736
0.264848028
0.852472397
0.953064616
0.871775042
0.855282953
0.840639120
0.415037649
0.188089897
0.192093588
0.785668913
0.024514644
0.142137356
0.747962083
0.870137397
0.696645833
0.612731533
0.308713919
0.689379523
0.186172599
0.187338589
0.088052623
0.835100710
0.112500151
0.155131725
0.690446065
0.793644353
0.751831024
0.051502561
0.845592436
0.847118533
0.079214983
0.733028148
0.661519655
0.857357102
0.126386307
0.485664175
0.857265831
0.953910249
0.157751115
0.176087788
0.818690987
0.595327217
0.177357507
0.798209097
0.687391627
0.498742948
0.801738464
0.167809774
0.128986473
0.105423602
0.145861784
0.689916240
0.743710712
0.729241495
0.197435865
0.800116360
0.385782867
0.852266327
0.156573611
0.043330838
0.097825516
0.592612903
0.276811217
0.648458522
0.827120071
0.203051124
0.675746202
0.127799823
0.770130586
0.090851351
0.082139034
0.733628841
0.544625236
0.023814722
0.525801944
0.150274935
0.069101001
0.041752503
0.781288437
0.277572827
0.311650699
0.676309303
0.795476157
0.082871182
0.009997055
0.125830125
0.810220384
0.729243968
0.188949370
0.954501888
0.172826554
0.288295383
0.050493352
0.142003812
0.167707734
0.869352957
0.912639476
0.920692153
0.817528068
0.754216918
0.121304573
0.308366457
0.163499835
0.096630659
0.820537728
0.171839155
0.957051085
0.041823722
0.149489213
0.102678690
0.124038790
0.512283363
0.762882937
0.224033316
0.373436941
0.743514001
0.700363705
0.793978119
0.257461408
0.195537844
0.670210218
0.198390968
0.414677363
0.785965816
0.016343381
0.111324711
0.128803211
0.767522643
0.098008695
0.257059865
0.779864240
0.669976125
0.101418677
0.850963092
0.816216119
0.142839067
0.810429532
0.179648589
0.864602657
0.078479364
0.039126920
0.109935132
0.224324912
0.125134645
0.231481935
0.200631174
0.733264755
0.169915655
0.109509785
0.156384467
0.135542513
0.083598248
0.433578615
0.139300827
0.216032117
0.596640321
0.196740012
0.027958236
0.632601605
0.554485404
0.162213079
0.760780289
0.755836044
0.140806258
0.739794795
0.345516185
0.455063495
0.063839810
0.135054968
0.122414436
0.456595346
0.128890447
0.676720353
0.083880571
0.795743337
0.724795563
0.098343097
0.019350297
0.141472094
0.442852004
0.309626024
0.588695621
0.117193845
0.750769002
